68,30,65,69,5,78,41,73,55,0,76,98,79,42,37,21,9,34,56,33,64,54,24,43,15,58,61,38,12,20,4,26,87,95,94,89,83,74,97,77,67,40,63,88,19,31,81,80,60,14,18,47,93,57,17,90,84,85,48,6,91,7,86,13,51,53,8,16,23,66,36,39,32,82,72,11,52,28,62,70,59,50,1,46,96,71,35,10,25,22,27,99,29,45,44,3,75,92,49,2

68 16 83 90 69
14 89 72 33  6
63 21 43 64 76
79 65 87 98 85
41 24 32 53 93

15 94 72 30  6
14 80 66  4 78
44 81 68 67 96
65 21 64 97 35
84 90 28 60  2

97 39 61 15 94
75 14 66 98 31
58 80  9 64 56
19 42 16 85 37
25 22 38 65 82

86 31 71 11 56
99 12 17 10 46
 5 33 85 61  2
30  1 28 88 66
15 38 21 54 64

38 52 84 75 91
77  5 49 71 31
45  1 60  0 10
68 29 98 36 34
61 90 93 14 12

91 66 28 41 78
89 16 10 77 39
84 57 44 32 47
60 62 26 21 50
75 61 24 54 93

 2 69 99  8 20
14 35 61 85 73
39 94 37 63 12
57 23 30 50 17
34 70 19 28 77

50 82 41 59 52
43 76 85 63 48
56 67 60 33 45
42  9 91 23 16
96  6 34 30 44

 0 41 24 42 83
17  1 34 29 71
46 67 86 64 21
95 36  6 38 62
93  8 30 77 44

 6 94 11 14 83
65 85 97 37 55
56 19 91 69  1
26 59 13 96 68
 4 28  7 45 53

96 78  2 32 65
 3 63 74 17  4
76 11 91 48 70
71 55 69 13 49
88 30 23 59 10

28  4 34 64 47
99 86 44 59 43
50 91 35 92 51
32 21 19 74 33
10 29 66 52 94

 0 27 12 23 71
54 59 32 47 45
22 85 94 34 31
29 68 44 61 62
96 46 52 33 69

37 79 34 17 56
26 62  3 77 80
88 35 71 87 36
89 60 86 19 48
82 97 95 85  0

62 49 48 98 10
89 37 50 64 17
80  5 26 42 51
58 74  6 20 14
72  2  9 40 69

71 37 47 21 39
36 29 26 82 53
10 17 96 15 43
 8 92 19  6 32
77 89 38 54 13