60,28 -> 893,861
934,945 -> 222,233
125,246 -> 125,306
490,255 -> 490,847
457,868 -> 364,961
610,46 -> 610,826
338,711 -> 982,67
199,581 -> 295,581
578,489 -> 522,545
180,516 -> 180,904
354,363 -> 145,363
757,471 -> 692,471
896,71 -> 896,185
967,744 -> 967,486
166,19 -> 483,19
469,22 -> 529,22
774,311 -> 807,311
617,308 -> 203,308
694,405 -> 694,43
378,176 -> 378,488
989,189 -> 215,189
375,96 -> 612,96
505,467 -> 505,246
77,832 -> 77,473
686,879 -> 684,879
360,593 -> 151,384
387,322 -> 626,322
66,784 -> 66,109
100,411 -> 635,946
722,14 -> 722,784
724,751 -> 764,751
788,844 -> 32,88
905,799 -> 905,713
282,502 -> 238,502
685,259 -> 685,768
116,578 -> 477,217
115,78 -> 115,458
329,569 -> 66,306
817,815 -> 817,466
781,909 -> 872,909
62,44 -> 964,946
755,307 -> 593,307
436,56 -> 436,869
596,815 -> 49,268
465,986 -> 926,525
885,254 -> 39,254
947,433 -> 764,433
719,787 -> 200,787
380,461 -> 243,461
675,434 -> 675,582
106,548 -> 272,714
703,143 -> 703,111
238,745 -> 60,745
646,235 -> 646,742
243,439 -> 243,964
347,763 -> 321,789
322,294 -> 738,294
134,361 -> 946,361
223,30 -> 498,305
78,721 -> 288,721
792,875 -> 572,875
548,380 -> 637,291
85,417 -> 85,296
766,81 -> 766,131
340,218 -> 340,271
56,962 -> 974,44
415,940 -> 386,940
960,60 -> 46,974
719,527 -> 743,527
971,986 -> 313,986
415,316 -> 415,57
612,556 -> 612,648
421,776 -> 570,776
478,533 -> 478,831
758,304 -> 112,950
258,950 -> 79,950
329,349 -> 216,349
527,38 -> 755,38
517,239 -> 207,239
497,944 -> 898,944
418,642 -> 418,557
828,750 -> 456,750
632,916 -> 15,299
955,973 -> 970,958
474,524 -> 949,49
842,690 -> 842,116
203,267 -> 916,980
128,562 -> 936,562
682,963 -> 193,963
704,822 -> 44,162
371,309 -> 421,359
379,240 -> 510,240
547,177 -> 547,20
784,968 -> 784,613
75,138 -> 75,724
725,48 -> 32,741
141,674 -> 545,674
193,922 -> 193,845
916,831 -> 916,401
912,232 -> 923,232