010000010010
011001011100
110011011101
110100100001
000110011110
110101000101
100110111001
110000000000
100101100111
001001011000
010010011010
001110111000
001011111010
110010111011
001001010101
111111011111
101001001110
011001000101
001001111100
000101110000
101000101101
101000011101
011011001111
010100011001
100010001000
100010111010
000110101100
100101010111
110111101111
011101111001
111001110110
101101000000
010010111101
111101111101
010000001110
000111111001
010111100101
011101100000
001011011111
111010000110
111010001001
000000010111
001110011110
100011100010
111110010111
100111111111
100000011011
000110111101
010100010111
110000011111
011011011001
101110011100
010110001111
101010111001
100010011111
011110110101
001001101010
000001001000
101101011000
101100001111
000110000011
011011100001
010011100001
101111011100
110110100000
010100010000
110111111000
110000110111
011000000101
001100011111
111000011010
000110101010
011000101001
110010100110
100011111010
011111000111
010001100101
101000011110
011110010010
111001100000
000011011010
000011111110
101001001001
100110010010
110101010111
010011111000
010111001111
010101001011
111001010100
011001011001
110011110111
110001001011
101101001011
000110010111
110110111010
001001100110
111010011011
001101000101
100110001011
010000101000